20
25
66 77 66 55  0  0 33  0  0  0  0  0  0 33 55 66 77 88 77 66 55 33  0  0  0
55 66 55 33  0 33 55 33  0  0  0  0 33 55 66 77 88 99 88 77 66 55 33  0  0
33 55 33  0 33 55 66 55 33  0  0  0  0 33 55 66 77 88 77 66 55 33  0  0  0
 0 33  0 33 55 66 77 66 55 33  0  0  0  0 33 55 66 77 66 55 33  0  0  0 33
 0  0 33 55 66 77 88 77 66 55 33  0  0  0  0 33 55 66 55 33  0  0  0 33 55
 0 33 55 66 77 88 99 88 77 66 55 33  0  0 33  0 33 55 33  0  0  0 33 55 66
 0  0 33 55 66 77 88 77 66 55 33  0  0 33 55 33  0  0  0  0  0 33 55 66 77
 0  0  0 33 55 66 77 66 55 33  0  0 33 55 66 55 33  0  0  0 33 55 66 77 88
 0  0  0  0 33 55 66 55 33  0  0 33 55 66 77 66 55 33  0 33 55 66 77 88 99
33  0  0  0  0 33 55 33  0  0 33 55 66 77 88 77 66 55 33  0 33 55 66 77 88
55 33  0  0  0  0 33  0  0 33 55 66 77 88 99 88 77 66 55 33  0 33 55 66 77
66 55 33  0  0 33 55 33  0  0 33 55 66 77 88 77 66 55 33  0  0  0 33 55 66
55 33  0  0 33 55 66 55 33  0  0 33 55 66 77 66 55 33  0  0  0  0  0 33 55
33  0  0 33 55 66 77 66 55 33  0  0 33 55 66 55 33  0  0 33  0  0  0  0 33
 0  0 33 55 66 77 88 77 66 55 33  0  0 33 55 33  0  0 33 55 33  0  0  0  0
 0 33 55 66 77 88 99 88 77 66 55 33  0  0 33  0  0 33 55 66 55 33  0  0  0
 0  0 33 55 66 77 88 77 66 55 33  0  0  0  0  0 33 55 66 77 66 55 33  0  0
33  0  0 33 55 66 77 66 55 33  0  0  0  0  0 33 55 66 77 88 77 66 55 33  0
44 44  0  0 33 55 66 55 33  0  0 33  0  0 33 55 66 77 88 99 88 77 66 55 33
55 44 33  0  0 33 55 33  0  0 33 55 33  0  0 33 55 66 77 88 77 66 55 33  0

