25
20
66 55 33  0  0  0  0  0  0 33 55 66 55 33  0  0  0 33 44 55
77 66 55 33  0 33  0  0  0  0 33 55 33  0  0 33  0  0 44 44
66 55 33  0 33 55 33  0  0  0  0 33  0  0 33 55 33  0  0 33
55 33  0 33 55 66 55 33  0  0  0  0  0 33 55 66 55 33  0  0
 0  0 33 55 66 77 66 55 33  0  0  0 33 55 66 77 66 55 33  0
 0 33 55 66 77 88 77 66 55 33  0 33 55 66 77 88 77 66 55 33
33 55 66 77 88 99 88 77 66 55 33 55 66 77 88 99 88 77 66 55
 0 33 55 66 77 88 77 66 55 33  0 33 55 66 77 88 77 66 55 33
 0  0 33 55 66 77 66 55 33  0  0  0 33 55 66 77 66 55 33  0
 0  0  0 33 55 66 55 33  0  0 33  0  0 33 55 66 55 33  0  0
 0  0  0  0 33 55 33  0  0 33 55 33  0  0 33 55 33  0  0 33
 0  0  0  0  0 33  0  0 33 55 66 55 33  0  0 33  0  0 33 55
 0 33  0  0  0  0  0 33 55 66 77 66 55 33  0  0  0  0  0 33
33 55 33  0  0  0 33 55 66 77 88 77 66 55 33  0  0  0  0  0
55 66 55 33  0 33 55 66 77 88 99 88 77 66 55 33  0  0 33  0
66 77 66 55 33  0 33 55 66 77 88 77 66 55 33  0  0 33 55 33
77 88 77 66 55 33  0 33 55 66 77 66 55 33  0  0 33 55 66 55
88 99 88 77 66 55  0  0 33 55 66 55 33  0  0 33 55 66 77 66
77 88 77 66 55 33  0  0  0 33 55 33  0  0 33 55 66 77 88 77
66 77 66 55 33  0  0  0 33  0 33  0  0 33 55 66 77 88 99 88
55 66 55 33  0  0  0 33 55 33  0  0  0  0 33 55 66 77 88 77
33 55 33  0  0  0 33 55 66 55 33  0  0  0  0 33 55 66 77 66
 0 33  0  0  0 33 55 66 77 66 55 33  0  0  0  0 33 55 66 55
 0  0  0  0 33 55 66 77 88 77 66 55 33  0  0  0  0 33 55 33
 0  0  0 33 55 66 77 88 99 88 77 66 55 33  0  0  0  0 33  0

